052525610000
052525610001
052525610002
052525610003
052525610004
052525610005
052525610006
052525610007
052525610008
052525610009
052525610010
052525610011
052525610012
052525610013
052525610014
052525610015
052525610016
052525610017
052525610018
052525610019
052525610020
052525610021
052525610022
052525610023
052525610024
052525610025
052525610026
052525610027
052525610028
052525610029
052525610030
052525610031
052525610032
052525610033
052525610034
052525610035
052525610036
052525610037
052525610038
052525610039
052525610040
052525610041
052525610042
052525610043
052525610044
052525610045
052525610046
052525610047
052525610048
052525610049
052525610050
052525610051
052525610052
052525610053
052525610054
052525610055
